Beta_array values with (50-100-50)
0.9674956991442808 (mean)
[0.04867541 1.60652778 1.08932452 0.37423736 0.67026043 1.08932452
 0.73862894 2.36929533 0.18961293 2.1499901  1.08932452 1.45782535
 0.98849514 0.         0.41241066 1.95098405 0.         0.
 0.         1.45782535 0.81397124 1.77039828 0.         1.32288703
 0.5519225  0.         0.50083579 0.89699867 1.32288703 2.1499901
 0.98849514 2.1499901  0.27963976 1.77039828 0.45447774 1.20043879
 0.         1.08932452 2.1499901  1.95098405 1.60652778 0.
 0.         2.61097035 1.32288703 0.1720621  0.30816383 0.50083579
 1.60652778 1.20043879]
 
 
 Beta_array values with (100-100-50)

1.002445684092204 (mean)
[0.6082202  1.65603818 0.90795566 0.         1.10934478 0.
 1.65603818 1.35540301 0.18283083 0.         2.47214618 1.10934478
 2.02335574 2.02335574 0.18283083 0.49780464 0.74312649 0.74312649
 1.10934478 1.35540301 0.49780464 0.         1.35540301 0.0301323
 1.10934478 0.74312649 0.74312649 0.         0.6082202  2.47214618
 0.90795566 0.40743378 0.         1.10934478 0.90795566 0.74312649
 1.10934478 2.47214618 1.10934478 0.         0.90795566 0.90795566
 0.90795566 1.35540301 0.74312649 0.74312649 2.47214618 0.22338362
 1.10934478 3.02048059 1.10934478 0.18283083 2.02335574 0.90795566
 1.35540301 1.65603818 0.6082202  0.6082202  0.06714906 0.27293123
 1.10934478 2.02335574 0.90795566 0.         2.02335574 1.35540301
 2.02335574 0.33346875 0.10024062 1.10934478 1.65603818 1.65603818
 0.33346875 0.74312649 0.6082202  0.74312649 0.74312649 1.10934478
 0.40743378 0.90795566 1.65603818 0.33346875 0.90795566 0.90795566
 1.35540301 1.10934478 2.02335574 0.12247449 2.02335574 0.49780464
 1.65603818 2.02335574 2.02335574 1.10934478 0.49780464 0.74312649
 0.74312649 1.65603818 1.10934478 0.6082202 ]